166784129 1
27377548 2
6125215 3
1594784 4
 458023 5
 144969 6
  50039 7
  19439 8
   8909 9
   4835 10
   3034 11
   2110 12
   1608 13
   1422 14
   1173 15
   1035 16
    828 17
    790 18
    690 19
    664 20
    549 21
    532 22
    489 23
    405 24
    392 25
    372 26
    313 27
    287 28
    275 29
    208 30
    248 31
    241 32
    204 33
    223 34
    187 35
    174 36
    142 37
    148 38
    135 39
    145 40
    123 41
    110 42
    101 43
    115 44
    111 45
     83 46
     85 47
     77 48
     80 49
     75 50
     74 51
     64 52
     77 53
     79 54
     59 55
     44 56
     61 57
     49 58
     40 59
     47 60
     42 61
     52 62
     45 63
     61 64
     50 65
     50 66
     32 67
     36 68
     34 69
     27 70
     24 71
     23 72
     35 73
     26 74
     24 75
     22 76
     36 77
     24 78
     23 79
     15 80
     19 81
     22 82
     28 83
     15 84
     15 85
     25 86
     17 87
     20 88
     24 89
     14 90
     10 91
     19 92
     15 93
     16 94
      9 95
      9 96
     13 97
      7 98
     14 99
     10 100
     13 101
     11 102
      8 103
     19 104
     15 105
     12 106
     20 107
     11 108
      8 109
     13 110
     13 111
      8 112
      7 113
     11 114
      9 115
      9 116
      8 117
     11 118
      5 119
      9 120
      9 121
      9 122
      6 123
     10 124
      5 125
      7 126
     10 127
      8 128
     10 129
     10 130
      4 131
      4 132
      6 133
      5 134
      4 135
      4 136
      9 137
     10 138
      5 139
      8 140
      4 141
      5 142
      6 143
      4 144
      5 145
      2 146
      4 147
      6 148
      8 149
      4 150
      9 151
      4 152
      5 153
      5 154
      6 155
      6 156
      6 157
      3 158
      7 159
      5 160
      2 161
      5 162
      2 163
      8 164
      2 165
      6 166
      3 167
      5 168
      3 169
      1 170
     10 171
      9 172
      8 173
      5 174
      2 175
      3 176
      4 177
      4 178
      4 179
      3 180
      7 181
      3 182
      2 183
      4 184
      3 185
      4 186
      4 187
      2 188
      2 189
      4 190
      7 191
      2 192
      4 193
      2 194
      4 195
      1 196
      4 197
      5 198
      1 199
      4 200
      2 201
      3 202
      2 203
      2 204
      1 205
      2 207
      2 208
      5 209
      4 210
      1 211
      2 212
      4 213
      4 214
      2 215
      3 216
      4 217
      2 218
      1 219
      2 220
      5 221
      2 222
      2 223
      2 224
      2 226
      1 227
      3 230
      4 231
      1 232
      2 234
      3 235
      2 236
      5 237
      2 238
      1 239
      3 240
      1 241
      3 242
      2 243
      3 246
      1 247
      4 248
      1 249
      3 250
      1 251
      1 254
      1 255
      3 256
      1 257
      2 258
      1 259
      3 260
      2 261
      6 262
      1 264
      3 265
      5 266
      5 267
      2 269
      1 270
      4 272
      2 274
      1 275
      1 277
      1 279
      2 281
      2 282
      1 283
      1 284
      2 285
      1 286
      1 287
      1 288
      1 289
      2 290
      2 291
      4 292
      1 294
      1 295
      2 296
      4 297
      2 298
      2 299
      1 300
      1 301
      2 303
      1 305
      1 306
      1 307
      1 308
      4 309
      1 310
      1 311
      3 312
      2 313
      1 314
      1 315
      2 318
      1 319
      2 320
      1 321
      3 323
      2 324
      2 325
      3 326
      3 329
      1 330
      3 331
      1 332
      1 334
      1 335
      1 337
      1 338
      1 339
      2 341
      3 342
      1 345
      1 348
      4 349
      1 350
      1 351
      1 352
      4 353
      1 356
      3 358
      2 359
      1 360
      1 361
      1 363
      1 364
      1 366
      1 368
      1 372
      2 373
      1 374
      3 375
      2 376
      1 377
      1 383
      4 384
      1 385
      2 386
      1 388
      1 392
      1 393
      1 395
      1 397
      2 398
      2 401
      3 402
      1 403
      1 404
      1 406
      1 407
      1 414
      5 416
      1 418
      2 423
      1 427
      1 428
      1 434
      1 436
      1 437
      2 443
      2 446
      1 453
      2 455
      1 456
      1 458
      2 460
      1 461
      2 462
      1 464
      1 465
      1 466
      1 468
      2 473
      2 474
      2 476
      1 478
      2 479
      1 482
      2 483
      1 484
      1 485
      2 486
      1 492
      2 493
      2 496
      1 497
      1 498
      2 499
      1 501
      1 504
      3 508
      1 509
      2 511
      1 513
      2 515
      2 516
      1 519
      1 523
      1 524
      1 529
      1 536
      1 537
      2 545
      1 553
      1 554
      1 555
      1 556
      1 557
      1 558
      1 559
      1 569
      3 573
      1 582
      1 583
      2 586
      1 591
      1 592
      3 594
      1 599
      1 602
      1 604
      4 605
      1 607
      1 612
      1 614
      1 616
      1 622
      1 623
      1 628
      2 631
      2 639
      1 643
      1 647
      2 665
      1 670
      1 672
      2 675
      2 676
      1 679
      1 682
      1 683
      1 684
      1 686
      1 689
      1 693
      1 696
      1 699
      1 708
      1 715
      1 720
      2 726
      1 728
      1 738
      2 741
      1 750
      1 757
      1 759
      1 765
      2 766
      1 776
      1 777
      1 781
      1 786
      1 787
      1 788
      1 791
      1 809
      1 823
      1 824
      1 835
      1 849
      1 852
      1 855
      1 857
      1 858
      1 873
      1 879
      1 887
      1 889
      1 890
      1 895
      1 900
      1 901
      1 902
      2 906
      1 907
      1 909
      2 916
      1 918
      1 928
      1 930
      1 932
      1 953
      1 955
      1 957
      1 992
      1 994
      1 1005
      1 1008
      1 1009
      1 1010
      1 1011
      1 1022
      1 1029
      1 1032
      1 1035
      1 1040
      1 1049
      1 1063
      1 1085
      1 1087
      1 1091
      1 1093
      1 1095
      1 1102
      1 1132
      1 1142
      1 1149
      1 1166
      1 1187
      1 1200
      1 1211
      1 1212
      2 1214
      1 1219
      1 1220
      1 1227
      1 1230
      1 1236
      1 1237
      1 1249
      1 1250
      1 1260
      1 1268
      1 1299
      1 1313
      1 1334
      1 1350
      1 1438
      1 1450
      1 1475
      1 1483
      1 1525
      1 1527
      1 1542
      1 1544
      1 1545
      1 1551
      1 1561
      1 1563
      1 1573
      1 1574
      1 1578
      1 1582
      1 1596
      1 1614
      1 1621
      1 1630
      1 1674
      1 1685
      1 1702
      1 1751
      1 1764
      1 1779
      1 1786
      1 1819
      1 1820
      1 1847
      1 1849
      1 1876
      1 1921
      1 1926
      1 1931
      1 2037
      1 2041
      1 2058
      1 2063
      1 2175
      1 2224
      1 2229
      1 2234
      1 2261
      1 2280
      1 2287
      1 2338
      1 2465
      2 2472
      1 2507
      1 2562
      1 2754
      1 2770
      1 2779
      1 2815
      1 2831
      1 2926
      1 2965
      1 3266
      1 3408
      1 3463
      1 3465
      1 3484
      1 3571
      1 3731
      1 3775
      2 3853
      1 3958
      1 4109
      1 4155
      1 4158
      1 4263
      1 4281
      1 4326
      1 4346
      1 4642
      1 4745
      1 5074
      1 5292
      1 5563
      1 5670
      1 5901
      1 6057
      1 6556
      1 6691
      1 6694
      1 9311
      1 9852
      1 10503
      1 12674
      1 13273
      1 13351
      1 13451
      1 14219
      1 14700
      1 17995
